Angle: -0.054815325497631386
PID:  30.074145569668392
Exec Time:     0.08627986907958984
