Angle: -0.5243688162545856
PID:  95.81163427564199
Exec Time:     0.4451320171356201
